1.0 0.77 0.612 0.659 0.627 0.433 0.351 0.362 0.301 0.247 0.221 0.209 0.175 0.134 0.075 0.045 0.032 0.002 -0.067 -0.064 -0.06 -0.099 -0.139 -0.114 -0.115 -0.15 -0.141 -0.111 -0.114 -0.135 -0.127 -0.127 -0.162 -0.171 -0.151 -0.14 -0.149 -0.106 -0.038 0.119 0.17 0.21 0.239 0.204 0.206 0.186 0.182 0.218 0.199 0.23 0.259 0.245 0.199 0.12 0.076 -0.017 -0.062 -0.084 -0.107 -0.136 -0.16 -0.178 -0.211 -0.209 -0.196 -0.211 -0.221 -0.211 -0.199 -0.194 -0.173 -0.137 -0.129 -0.095 -0.045 -0.035 -0.001 0.086 0.088 0.089 0.168 0.228 0.189 0.252 0.214 0.275 0.34 0.275 0.174 0.229 0.209 0.168 0.115 0.014 0.006 -0.032 -0.027 -0.056 -0.114 -0.12 -0.117 -0.17 -0.209 -0.201 -0.197 -0.246 -0.265 -0.236 -0.23 -0.242 -0.233 -0.227 -0.222 -0.234 -0.21 -0.19 -0.191 -0.164 -0.167 -0.144 -0.145 -0.16 -0.151 -0.167 -0.192 -0.186 -0.202 -0.23 -0.233 -0.244 -0.26 -0.277 -0.266 -0.261 -0.267 -0.235 -0.227 -0.271 -0.24 -0.17 -0.192 -0.194 -0.122 -0.104 -0.136 -0.115 -0.055 -0.063 -0.106 -0.136 -0.168 -0.178 -0.193 -0.203 -0.237 -0.254 -0.24 -0.237 -0.257 -0.279 -0.25 -0.25 -0.277 -0.271 -0.23 -0.22 -0.212 -0.214 -0.199 -0.187 -0.195 -0.194 -0.164 -0.157 -0.167 -0.144 -0.121 -0.117 -0.123 -0.102 -0.087 -0.074 -0.065 -0.092 -0.085 -0.111 -0.119 -0.135 -0.162 -0.173 -0.164 -0.17 -0.191 -0.184 -0.172 -0.18 -0.188 -0.179 -0.17 -0.17 -0.171 -0.167 -0.14 -0.138 -0.161 -0.125 -0.08 -0.109 -0.129 -0.066 -0.03 -0.08 -0.083 -0.014 -0.001 0.044 0.063 0.061 0.075 0.146 0.152 0.209 0.175 0.094 0.111 0.126 0.05 -0.013 0.011 -0.001 -0.075 -0.098 -0.079 -0.097 -0.15 -0.159 -0.144 -0.16 -0.195 -0.196 -0.173 -0.184 -0.192 -0.176 -0.155 -0.16 -0.143 -0.123
0.77 1.0 0.804 0.596 0.724 0.68 0.455 0.403 0.428 0.363 0.29 0.286 0.271 0.207 0.122 0.102 0.084 0.033 -0.044 -0.039 -0.044 -0.095 -0.14 -0.115 -0.121 -0.169 -0.16 -0.127 -0.138 -0.168 -0.159 -0.158 -0.2 -0.21 -0.191 -0.181 -0.19 -0.139 -0.057 0.142 0.195 0.256 0.287 0.247 0.258 0.239 0.237 0.28 0.258 0.289 0.324 0.303 0.233 0.132 0.079 -0.037 -0.093 -0.115 -0.143 -0.174 -0.198 -0.221 -0.259 -0.249 -0.227 -0.244 -0.255 -0.235 -0.221 -0.212 -0.182 -0.134 -0.12 -0.075 0.0 0.016 0.052 0.158 0.176 0.17 0.252 0.331 0.293 0.345 0.297 0.356 0.416 0.344 0.225 0.273 0.235 0.174 0.123 0.01 0.011 -0.029 -0.016 -0.055 -0.123 -0.126 -0.121 -0.19 -0.236 -0.224 -0.22 -0.282 -0.305 -0.273 -0.268 -0.282 -0.275 -0.269 -0.262 -0.279 -0.255 -0.23 -0.23 -0.2 -0.202 -0.177 -0.177 -0.198 -0.181 -0.197 -0.23 -0.221 -0.236 -0.268 -0.271 -0.282 -0.301 -0.319 -0.303 -0.299 -0.308 -0.266 -0.256 -0.311 -0.276 -0.189 -0.218 -0.224 -0.139 -0.116 -0.155 -0.134 -0.066 -0.077 -0.131 -0.17 -0.207 -0.213 -0.23 -0.245 -0.283 -0.299 -0.284 -0.284 -0.305 -0.328 -0.297 -0.298 -0.327 -0.318 -0.272 -0.261 -0.25 -0.252 -0.235 -0.222 -0.232 -0.229 -0.194 -0.189 -0.2 -0.17 -0.146 -0.144 -0.147 -0.12 -0.103 -0.091 -0.08 -0.112 -0.109 -0.14 -0.15 -0.166 -0.2 -0.213 -0.199 -0.205 -0.231 -0.222 -0.206 -0.214 -0.225 -0.215 -0.203 -0.202 -0.205 -0.204 -0.171 -0.168 -0.199 -0.161 -0.107 -0.14 -0.168 -0.099 -0.058 -0.112 -0.12 -0.042 -0.025 0.028 0.05 0.041 0.058 0.132 0.136 0.202 0.164 0.071 0.103 0.131 0.041 -0.03 0.014 -0.001 -0.092 -0.111 -0.084 -0.109 -0.174 -0.182 -0.164 -0.19 -0.233 -0.23 -0.207 -0.223 -0.234 -0.217 -0.193 -0.201 -0.181 -0.156
0.612 0.804 1.0 0.81 0.63 0.732 0.682 0.496 0.449 0.475 0.407 0.351 0.336 0.289 0.191 0.139 0.129 0.083 -0.016 -0.022 -0.023 -0.086 -0.148 -0.119 -0.123 -0.183 -0.177 -0.139 -0.154 -0.186 -0.181 -0.181 -0.233 -0.245 -0.223 -0.211 -0.216 -0.161 -0.052 0.157 0.245 0.315 0.346 0.307 0.316 0.29 0.282 0.324 0.287 0.321 0.37 0.333 0.256 0.134 0.069 -0.047 -0.111 -0.127 -0.157 -0.198 -0.226 -0.25 -0.29 -0.279 -0.257 -0.277 -0.286 -0.262 -0.249 -0.236 -0.191 -0.147 -0.145 -0.081 0.01 -0.007 0.026 0.168 0.179 0.141 0.234 0.352 0.286 0.329 0.249 0.332 0.389 0.288 0.159 0.229 0.191 0.145 0.098 -0.017 -0.018 -0.071 -0.048 -0.077 -0.16 -0.168 -0.152 -0.219 -0.275 -0.264 -0.253 -0.317 -0.346 -0.312 -0.301 -0.319 -0.312 -0.308 -0.302 -0.322 -0.296 -0.269 -0.271 -0.238 -0.237 -0.209 -0.205 -0.217 -0.201 -0.225 -0.259 -0.247 -0.266 -0.304 -0.307 -0.319 -0.34 -0.358 -0.344 -0.339 -0.343 -0.299 -0.295 -0.352 -0.307 -0.221 -0.256 -0.254 -0.164 -0.145 -0.185 -0.155 -0.076 -0.083 -0.138 -0.172 -0.217 -0.232 -0.25 -0.26 -0.308 -0.331 -0.306 -0.305 -0.335 -0.359 -0.319 -0.324 -0.361 -0.348 -0.297 -0.288 -0.278 -0.28 -0.263 -0.251 -0.264 -0.261 -0.224 -0.221 -0.234 -0.201 -0.175 -0.174 -0.178 -0.146 -0.128 -0.115 -0.101 -0.138 -0.132 -0.165 -0.172 -0.188 -0.224 -0.238 -0.223 -0.225 -0.25 -0.24 -0.219 -0.223 -0.232 -0.219 -0.201 -0.196 -0.201 -0.194 -0.154 -0.153 -0.183 -0.137 -0.081 -0.124 -0.148 -0.073 -0.036 -0.1 -0.102 -0.024 -0.004 0.048 0.072 0.068 0.077 0.152 0.158 0.229 0.207 0.112 0.134 0.181 0.095 0.004 0.048 0.044 -0.058 -0.093 -0.057 -0.082 -0.162 -0.179 -0.158 -0.187 -0.241 -0.242 -0.218 -0.239 -0.256 -0.237 -0.212 -0.224 -0.202 -0.175
0.659 0.596 0.81 1.0 0.759 0.618 0.697 0.642 0.473 0.472 0.459 0.393 0.345 0.305 0.211 0.146 0.128 0.087 -0.011 -0.026 -0.026 -0.087 -0.151 -0.12 -0.124 -0.185 -0.179 -0.141 -0.154 -0.186 -0.181 -0.182 -0.236 -0.247 -0.227 -0.214 -0.219 -0.164 -0.057 0.147 0.24 0.306 0.341 0.301 0.306 0.277 0.268 0.31 0.273 0.309 0.356 0.322 0.253 0.134 0.068 -0.045 -0.109 -0.126 -0.156 -0.2 -0.227 -0.25 -0.296 -0.286 -0.262 -0.285 -0.293 -0.268 -0.257 -0.238 -0.19 -0.153 -0.15 -0.079 0.01 -0.012 0.028 0.177 0.172 0.129 0.234 0.353 0.276 0.325 0.246 0.339 0.396 0.291 0.157 0.227 0.186 0.142 0.108 -0.009 -0.011 -0.067 -0.047 -0.074 -0.159 -0.168 -0.152 -0.219 -0.277 -0.268 -0.256 -0.321 -0.352 -0.317 -0.307 -0.325 -0.319 -0.315 -0.309 -0.331 -0.303 -0.276 -0.28 -0.245 -0.245 -0.215 -0.213 -0.223 -0.207 -0.232 -0.265 -0.252 -0.272 -0.311 -0.312 -0.324 -0.345 -0.364 -0.35 -0.343 -0.347 -0.305 -0.3 -0.356 -0.313 -0.228 -0.261 -0.259 -0.169 -0.151 -0.19 -0.159 -0.079 -0.084 -0.135 -0.167 -0.21 -0.23 -0.249 -0.256 -0.304 -0.33 -0.305 -0.302 -0.332 -0.36 -0.32 -0.323 -0.361 -0.352 -0.301 -0.292 -0.284 -0.288 -0.27 -0.258 -0.272 -0.271 -0.233 -0.228 -0.244 -0.211 -0.184 -0.182 -0.187 -0.156 -0.137 -0.122 -0.108 -0.145 -0.138 -0.17 -0.176 -0.193 -0.228 -0.244 -0.23 -0.231 -0.256 -0.246 -0.224 -0.226 -0.233 -0.22 -0.201 -0.194 -0.197 -0.188 -0.147 -0.145 -0.172 -0.125 -0.069 -0.113 -0.135 -0.058 -0.021 -0.09 -0.089 -0.011 0.01 0.061 0.087 0.089 0.094 0.179 0.192 0.272 0.247 0.156 0.175 0.217 0.131 0.038 0.073 0.068 -0.037 -0.078 -0.044 -0.07 -0.155 -0.176 -0.155 -0.185 -0.242 -0.244 -0.219 -0.242 -0.259 -0.239 -0.214 -0.226 -0.205 -0.176
0.627 0.724 0.63 0.759 1.0 0.794 0.594 0.67 0.634 0.506 0.441 0.453 0.402 0.311 0.215 0.191 0.155 0.089 0.005 0.0 -0.017 -0.087 -0.141 -0.111 -0.128 -0.196 -0.183 -0.147 -0.165 -0.198 -0.197 -0.195 -0.248 -0.261 -0.237 -0.228 -0.241 -0.184 -0.089 0.148 0.208 0.286 0.324 0.28 0.295 0.275 0.275 0.324 0.3 0.334 0.372 0.345 0.259 0.14 0.076 -0.061 -0.128 -0.152 -0.183 -0.221 -0.243 -0.265 -0.31 -0.298 -0.265 -0.284 -0.295 -0.26 -0.239 -0.22 -0.169 -0.111 -0.099 -0.031 0.07 0.074 0.117 0.262 0.276 0.251 0.359 0.464 0.397 0.444 0.386 0.454 0.501 0.413 0.275 0.316 0.256 0.179 0.147 0.023 0.032 -0.012 0.008 -0.04 -0.124 -0.123 -0.115 -0.202 -0.258 -0.246 -0.242 -0.319 -0.35 -0.313 -0.31 -0.331 -0.326 -0.323 -0.316 -0.339 -0.314 -0.284 -0.286 -0.251 -0.251 -0.223 -0.223 -0.247 -0.221 -0.239 -0.277 -0.263 -0.278 -0.316 -0.315 -0.324 -0.348 -0.368 -0.343 -0.34 -0.352 -0.301 -0.287 -0.352 -0.313 -0.212 -0.246 -0.256 -0.158 -0.131 -0.177 -0.155 -0.078 -0.091 -0.152 -0.198 -0.237 -0.244 -0.265 -0.283 -0.323 -0.34 -0.327 -0.327 -0.348 -0.375 -0.342 -0.344 -0.377 -0.369 -0.318 -0.307 -0.297 -0.3 -0.282 -0.269 -0.283 -0.279 -0.24 -0.236 -0.25 -0.213 -0.186 -0.186 -0.189 -0.154 -0.135 -0.122 -0.107 -0.147 -0.144 -0.18 -0.191 -0.209 -0.249 -0.265 -0.248 -0.251 -0.28 -0.27 -0.25 -0.254 -0.264 -0.252 -0.236 -0.229 -0.232 -0.231 -0.19 -0.182 -0.219 -0.179 -0.116 -0.154 -0.189 -0.115 -0.069 -0.131 -0.142 -0.056 -0.034 0.026 0.054 0.046 0.059 0.151 0.166 0.253 0.209 0.111 0.156 0.194 0.088 0.007 0.061 0.038 -0.075 -0.098 -0.063 -0.102 -0.188 -0.197 -0.178 -0.214 -0.269 -0.267 -0.243 -0.268 -0.284 -0.263 -0.237 -0.25 -0.226 -0.196
0.433 0.68 0.732 0.618 0.794 1.0 0.813 0.646 0.696 0.67 0.541 0.519 0.506 0.404 0.281 0.255 0.225 0.152 0.054 0.048 0.026 -0.061 -0.122 -0.093 -0.119 -0.201 -0.191 -0.153 -0.177 -0.218 -0.221 -0.218 -0.279 -0.296 -0.268 -0.261 -0.272 -0.211 -0.094 0.163 0.24 0.338 0.372 0.329 0.352 0.332 0.331 0.379 0.345 0.376 0.425 0.382 0.275 0.133 0.059 -0.084 -0.159 -0.176 -0.208 -0.25 -0.271 -0.293 -0.337 -0.32 -0.282 -0.299 -0.307 -0.26 -0.24 -0.22 -0.151 -0.087 -0.087 -0.008 0.121 0.108 0.136 0.308 0.34 0.282 0.388 0.53 0.45 0.465 0.38 0.445 0.471 0.374 0.238 0.278 0.213 0.142 0.113 -0.002 0.011 -0.037 -0.002 -0.048 -0.142 -0.14 -0.122 -0.214 -0.276 -0.263 -0.254 -0.335 -0.371 -0.333 -0.328 -0.352 -0.35 -0.349 -0.342 -0.368 -0.346 -0.315 -0.316 -0.281 -0.278 -0.249 -0.245 -0.267 -0.237 -0.257 -0.298 -0.282 -0.296 -0.336 -0.336 -0.345 -0.37 -0.389 -0.363 -0.36 -0.369 -0.315 -0.304 -0.374 -0.328 -0.224 -0.264 -0.273 -0.171 -0.145 -0.193 -0.168 -0.086 -0.099 -0.165 -0.211 -0.256 -0.263 -0.283 -0.302 -0.347 -0.364 -0.345 -0.347 -0.372 -0.397 -0.36 -0.366 -0.401 -0.388 -0.336 -0.327 -0.315 -0.317 -0.3 -0.289 -0.304 -0.299 -0.259 -0.26 -0.273 -0.231 -0.206 -0.209 -0.209 -0.168 -0.15 -0.139 -0.122 -0.166 -0.165 -0.203 -0.212 -0.228 -0.271 -0.287 -0.266 -0.266 -0.295 -0.285 -0.259 -0.259 -0.269 -0.258 -0.236 -0.226 -0.234 -0.233 -0.186 -0.18 -0.221 -0.181 -0.115 -0.159 -0.197 -0.123 -0.08 -0.145 -0.156 -0.07 -0.045 0.014 0.044 0.03 0.041 0.123 0.131 0.216 0.186 0.087 0.137 0.2 0.095 0.005 0.078 0.063 -0.06 -0.085 -0.038 -0.081 -0.179 -0.189 -0.167 -0.209 -0.273 -0.274 -0.252 -0.283 -0.304 -0.282 -0.257 -0.274 -0.249 -0.217
0.351 0.455 0.682 0.697 0.594 0.813 1.0 0.8 0.62 0.708 0.68 0.564 0.518 0.471 0.342 0.267 0.247 0.194 0.086 0.058 0.05 -0.031 -0.104 -0.078 -0.1 -0.183 -0.18 -0.142 -0.166 -0.212 -0.214 -0.212 -0.277 -0.293 -0.27 -0.262 -0.266 -0.209 -0.08 0.149 0.258 0.351 0.381 0.346 0.362 0.335 0.326 0.367 0.321 0.351 0.407 0.354 0.258 0.114 0.036 -0.084 -0.157 -0.164 -0.197 -0.244 -0.264 -0.286 -0.333 -0.315 -0.277 -0.296 -0.298 -0.251 -0.244 -0.217 -0.138 -0.095 -0.107 -0.014 0.114 0.068 0.101 0.289 0.291 0.196 0.308 0.473 0.369 0.364 0.258 0.347 0.363 0.249 0.125 0.18 0.13 0.09 0.067 -0.033 -0.023 -0.08 -0.041 -0.069 -0.164 -0.168 -0.142 -0.218 -0.284 -0.273 -0.255 -0.327 -0.367 -0.33 -0.321 -0.346 -0.346 -0.345 -0.339 -0.367 -0.346 -0.316 -0.32 -0.286 -0.282 -0.252 -0.245 -0.255 -0.231 -0.256 -0.293 -0.274 -0.292 -0.332 -0.329 -0.34 -0.363 -0.381 -0.362 -0.358 -0.361 -0.313 -0.31 -0.373 -0.325 -0.237 -0.276 -0.277 -0.184 -0.166 -0.208 -0.176 -0.093 -0.099 -0.153 -0.187 -0.232 -0.251 -0.27 -0.278 -0.327 -0.352 -0.324 -0.322 -0.353 -0.378 -0.336 -0.343 -0.382 -0.369 -0.318 -0.311 -0.304 -0.307 -0.291 -0.282 -0.299 -0.296 -0.259 -0.261 -0.276 -0.237 -0.213 -0.216 -0.217 -0.178 -0.16 -0.148 -0.132 -0.174 -0.17 -0.202 -0.207 -0.221 -0.259 -0.276 -0.256 -0.251 -0.276 -0.265 -0.236 -0.231 -0.236 -0.224 -0.197 -0.185 -0.193 -0.184 -0.137 -0.135 -0.168 -0.125 -0.069 -0.119 -0.146 -0.076 -0.046 -0.114 -0.115 -0.042 -0.014 0.036 0.064 0.059 0.057 0.129 0.135 0.217 0.212 0.13 0.165 0.241 0.163 0.063 0.122 0.123 0.005 -0.038 0.01 -0.026 -0.128 -0.151 -0.127 -0.169 -0.241 -0.245 -0.226 -0.259 -0.283 -0.263 -0.239 -0.259 -0.238 -0.206
0.362 0.403 0.496 0.642 0.67 0.646 0.8 1.0 0.782 0.661 0.718 0.72 0.584 0.496 0.401 0.336 0.28 0.214 0.121 0.089 0.064 -0.018 -0.083 -0.071 -0.101 -0.182 -0.177 -0.142 -0.17 -0.217 -0.218 -0.215 -0.281 -0.301 -0.273 -0.267 -0.276 -0.221 -0.107 0.129 0.217 0.312 0.347 0.31 0.329 0.306 0.303 0.347 0.31 0.34 0.386 0.341 0.246 0.11 0.035 -0.094 -0.165 -0.177 -0.208 -0.252 -0.27 -0.294 -0.337 -0.314 -0.272 -0.283 -0.282 -0.23 -0.218 -0.188 -0.103 -0.053 -0.057 0.052 0.176 0.132 0.191 0.394 0.377 0.288 0.413 0.573 0.459 0.431 0.345 0.419 0.408 0.305 0.187 0.22 0.157 0.102 0.092 -0.004 0.015 -0.032 0.007 -0.032 -0.127 -0.124 -0.101 -0.19 -0.255 -0.242 -0.229 -0.309 -0.351 -0.316 -0.313 -0.341 -0.342 -0.342 -0.338 -0.368 -0.349 -0.319 -0.323 -0.29 -0.286 -0.257 -0.253 -0.267 -0.238 -0.259 -0.295 -0.275 -0.289 -0.327 -0.322 -0.328 -0.353 -0.371 -0.344 -0.341 -0.351 -0.3 -0.291 -0.356 -0.315 -0.222 -0.259 -0.269 -0.177 -0.154 -0.196 -0.173 -0.095 -0.103 -0.159 -0.197 -0.235 -0.248 -0.269 -0.28 -0.32 -0.341 -0.324 -0.321 -0.343 -0.371 -0.337 -0.339 -0.374 -0.367 -0.319 -0.311 -0.305 -0.311 -0.294 -0.286 -0.304 -0.302 -0.264 -0.267 -0.283 -0.243 -0.219 -0.223 -0.223 -0.183 -0.164 -0.153 -0.136 -0.18 -0.177 -0.211 -0.216 -0.23 -0.27 -0.288 -0.268 -0.262 -0.287 -0.277 -0.249 -0.243 -0.246 -0.235 -0.21 -0.195 -0.2 -0.195 -0.151 -0.143 -0.178 -0.142 -0.086 -0.131 -0.163 -0.1 -0.067 -0.131 -0.136 -0.064 -0.037 0.015 0.046 0.038 0.038 0.121 0.136 0.227 0.21 0.136 0.189 0.258 0.173 0.086 0.15 0.136 0.015 -0.02 0.023 -0.024 -0.127 -0.146 -0.124 -0.173 -0.247 -0.249 -0.233 -0.27 -0.294 -0.272 -0.25 -0.271 -0.248 -0.216
0.301 0.428 0.449 0.473 0.634 0.696 0.62 0.782 1.0 0.82 0.65 0.765 0.723 0.527 0.402 0.414 0.343 0.235 0.158 0.152 0.098 -0.007 -0.056 -0.047 -0.095 -0.182 -0.173 -0.143 -0.183 -0.233 -0.238 -0.23 -0.301 -0.321 -0.291 -0.29 -0.303 -0.247 -0.137 0.137 0.193 0.31 0.344 0.305 0.34 0.328 0.335 0.385 0.357 0.381 0.421 0.378 0.252 0.109 0.034 -0.12 -0.196 -0.209 -0.239 -0.276 -0.29 -0.312 -0.346 -0.318 -0.264 -0.269 -0.272 -0.202 -0.178 -0.157 -0.064 0.021 0.02 0.122 0.276 0.256 0.302 0.501 0.531 0.45 0.551 0.711 0.61 0.556 0.478 0.528 0.487 0.398 0.282 0.287 0.199 0.12 0.116 0.017 0.049 0.018 0.064 0.005 -0.091 -0.076 -0.057 -0.167 -0.23 -0.211 -0.206 -0.305 -0.345 -0.31 -0.315 -0.345 -0.348 -0.351 -0.347 -0.377 -0.363 -0.332 -0.333 -0.302 -0.296 -0.271 -0.266 -0.291 -0.25 -0.263 -0.306 -0.283 -0.291 -0.33 -0.323 -0.325 -0.351 -0.368 -0.329 -0.332 -0.349 -0.287 -0.269 -0.347 -0.308 -0.197 -0.237 -0.261 -0.16 -0.128 -0.178 -0.164 -0.09 -0.107 -0.176 -0.23 -0.268 -0.263 -0.285 -0.31 -0.343 -0.352 -0.345 -0.348 -0.362 -0.386 -0.36 -0.364 -0.391 -0.382 -0.337 -0.328 -0.318 -0.323 -0.307 -0.3 -0.318 -0.313 -0.275 -0.28 -0.294 -0.249 -0.227 -0.235 -0.231 -0.184 -0.167 -0.158 -0.141 -0.188 -0.192 -0.229 -0.238 -0.253 -0.297 -0.314 -0.29 -0.285 -0.313 -0.304 -0.276 -0.27 -0.276 -0.268 -0.245 -0.226 -0.234 -0.241 -0.192 -0.178 -0.225 -0.201 -0.135 -0.174 -0.221 -0.162 -0.119 -0.176 -0.196 -0.114 -0.086 -0.026 0.007 -0.015 -0.007 0.076 0.087 0.178 0.149 0.068 0.14 0.208 0.104 0.034 0.127 0.099 -0.034 -0.043 0.009 -0.053 -0.159 -0.161 -0.142 -0.204 -0.276 -0.27 -0.257 -0.299 -0.321 -0.299 -0.279 -0.302 -0.275 -0.241
0.247 0.363 0.475 0.472 0.506 0.67 0.708 0.661 0.82 1.0 0.855 0.754 0.792 0.679 0.492 0.445 0.416 0.323 0.217 0.188 0.152 0.041 -0.035 -0.023 -0.059 -0.16 -0.163 -0.129 -0.174 -0.234 -0.242 -0.238 -0.316 -0.338 -0.312 -0.313 -0.318 -0.262 -0.125 0.141 0.239 0.366 0.393 0.361 0.396 0.378 0.377 0.42 0.374 0.395 0.451 0.387 0.255 0.09 0.006 -0.134 -0.214 -0.214 -0.246 -0.289 -0.303 -0.324 -0.361 -0.327 -0.273 -0.282 -0.279 -0.203 -0.198 -0.169 -0.052 0.011 -0.012 0.106 0.278 0.211 0.235 0.458 0.483 0.351 0.441 0.629 0.525 0.455 0.351 0.407 0.377 0.284 0.176 0.192 0.122 0.065 0.058 -0.026 -0.001 -0.046 0.01 -0.031 -0.134 -0.126 -0.093 -0.19 -0.261 -0.242 -0.226 -0.318 -0.363 -0.327 -0.325 -0.356 -0.362 -0.365 -0.359 -0.395 -0.382 -0.349 -0.352 -0.323 -0.315 -0.29 -0.282 -0.294 -0.257 -0.276 -0.317 -0.293 -0.304 -0.344 -0.337 -0.342 -0.367 -0.382 -0.35 -0.352 -0.362 -0.303 -0.294 -0.369 -0.323 -0.221 -0.265 -0.279 -0.181 -0.156 -0.203 -0.18 -0.1 -0.112 -0.176 -0.221 -0.264 -0.27 -0.29 -0.308 -0.349 -0.365 -0.346 -0.347 -0.37 -0.393 -0.358 -0.367 -0.4 -0.385 -0.337 -0.332 -0.323 -0.326 -0.312 -0.308 -0.326 -0.32 -0.284 -0.293 -0.306 -0.26 -0.242 -0.251 -0.244 -0.196 -0.18 -0.172 -0.153 -0.2 -0.204 -0.237 -0.241 -0.251 -0.292 -0.313 -0.286 -0.274 -0.3 -0.291 -0.256 -0.244 -0.248 -0.241 -0.21 -0.189 -0.203 -0.205 -0.152 -0.145 -0.191 -0.163 -0.101 -0.15 -0.19 -0.131 -0.099 -0.161 -0.172 -0.096 -0.064 -0.011 0.021 0.002 0.002 0.072 0.074 0.159 0.151 0.074 0.133 0.216 0.133 0.062 0.156 0.151 0.019 -0.004 0.061 0.006 -0.111 -0.125 -0.099 -0.163 -0.246 -0.243 -0.232 -0.277 -0.308 -0.288 -0.268 -0.296 -0.275 -0.239
0.221 0.29 0.407 0.459 0.441 0.541 0.68 0.718 0.65 0.855 1.0 0.858 0.763 0.745 0.623 0.486 0.436 0.386 0.27 0.205 0.179 0.082 -0.007 -0.012 -0.034 -0.13 -0.144 -0.112 -0.154 -0.213 -0.221 -0.222 -0.298 -0.32 -0.297 -0.294 -0.298 -0.249 -0.116 0.11 0.226 0.34 0.365 0.341 0.366 0.344 0.338 0.371 0.32 0.34 0.396 0.329 0.22 0.067 -0.015 -0.129 -0.201 -0.195 -0.223 -0.269 -0.284 -0.302 -0.333 -0.297 -0.253 -0.264 -0.25 -0.179 -0.18 -0.134 -0.017 0.012 -0.009 0.141 0.294 0.172 0.227 0.476 0.429 0.265 0.348 0.521 0.408 0.329 0.231 0.302 0.278 0.178 0.087 0.115 0.065 0.028 0.021 -0.048 -0.025 -0.07 -0.013 -0.038 -0.138 -0.131 -0.091 -0.172 -0.242 -0.224 -0.203 -0.285 -0.333 -0.3 -0.294 -0.326 -0.335 -0.338 -0.335 -0.371 -0.36 -0.33 -0.335 -0.309 -0.301 -0.278 -0.271 -0.272 -0.24 -0.261 -0.295 -0.269 -0.283 -0.319 -0.309 -0.315 -0.338 -0.352 -0.325 -0.327 -0.334 -0.285 -0.282 -0.347 -0.308 -0.225 -0.263 -0.273 -0.191 -0.17 -0.208 -0.184 -0.108 -0.113 -0.164 -0.197 -0.234 -0.249 -0.269 -0.274 -0.312 -0.334 -0.313 -0.307 -0.33 -0.355 -0.319 -0.323 -0.358 -0.347 -0.303 -0.298 -0.293 -0.299 -0.287 -0.284 -0.305 -0.3 -0.268 -0.277 -0.292 -0.253 -0.235 -0.243 -0.239 -0.195 -0.18 -0.172 -0.154 -0.197 -0.197 -0.225 -0.224 -0.23 -0.265 -0.285 -0.261 -0.245 -0.265 -0.257 -0.221 -0.205 -0.204 -0.196 -0.163 -0.143 -0.155 -0.15 -0.106 -0.102 -0.139 -0.113 -0.067 -0.116 -0.146 -0.096 -0.078 -0.136 -0.137 -0.078 -0.046 -0.002 0.027 0.014 0.005 0.067 0.072 0.151 0.159 0.103 0.152 0.237 0.186 0.123 0.202 0.207 0.094 0.06 0.12 0.07 -0.044 -0.071 -0.047 -0.108 -0.194 -0.197 -0.188 -0.237 -0.272 -0.253 -0.237 -0.267 -0.249 -0.217
0.209 0.286 0.351 0.393 0.453 0.519 0.564 0.72 0.765 0.754 0.858 1.0 0.893 0.769 0.716 0.69 0.53 0.422 0.359 0.294 0.223 0.103 0.046 0.029 -0.027 -0.129 -0.133 -0.114 -0.17 -0.222 -0.242 -0.237 -0.319 -0.34 -0.313 -0.317 -0.328 -0.283 -0.169 0.093 0.162 0.296 0.324 0.298 0.338 0.328 0.336 0.377 0.344 0.359 0.4 0.343 0.21 0.06 -0.019 -0.161 -0.234 -0.231 -0.256 -0.294 -0.302 -0.313 -0.338 -0.299 -0.236 -0.237 -0.226 -0.127 -0.097 -0.051 0.074 0.147 0.144 0.322 0.505 0.398 0.472 0.755 0.698 0.505 0.581 0.751 0.6 0.473 0.408 0.438 0.378 0.303 0.201 0.194 0.117 0.055 0.059 -0.009 0.033 0.021 0.084 0.033 -0.068 -0.042 -0.004 -0.116 -0.184 -0.158 -0.144 -0.249 -0.303 -0.27 -0.28 -0.32 -0.332 -0.341 -0.343 -0.381 -0.375 -0.347 -0.352 -0.324 -0.314 -0.294 -0.29 -0.304 -0.254 -0.265 -0.303 -0.273 -0.277 -0.312 -0.295 -0.291 -0.322 -0.336 -0.291 -0.299 -0.321 -0.261 -0.244 -0.323 -0.295 -0.192 -0.23 -0.263 -0.177 -0.141 -0.186 -0.179 -0.112 -0.127 -0.188 -0.238 -0.266 -0.262 -0.285 -0.303 -0.324 -0.334 -0.332 -0.328 -0.332 -0.359 -0.34 -0.338 -0.359 -0.356 -0.319 -0.31 -0.304 -0.316 -0.303 -0.3 -0.324 -0.322 -0.287 -0.299 -0.315 -0.27 -0.252 -0.266 -0.261 -0.209 -0.193 -0.188 -0.169 -0.218 -0.223 -0.255 -0.258 -0.267 -0.308 -0.326 -0.301 -0.285 -0.305 -0.297 -0.263 -0.245 -0.242 -0.238 -0.21 -0.184 -0.192 -0.201 -0.159 -0.143 -0.188 -0.181 -0.128 -0.165 -0.212 -0.174 -0.146 -0.193 -0.211 -0.146 -0.114 -0.061 -0.028 -0.055 -0.053 0.022 0.037 0.127 0.108 0.056 0.136 0.208 0.139 0.114 0.217 0.194 0.072 0.072 0.134 0.053 -0.066 -0.072 -0.061 -0.143 -0.224 -0.217 -0.217 -0.276 -0.308 -0.289 -0.279 -0.313 -0.288 -0.252
0.175 0.271 0.336 0.345 0.402 0.506 0.518 0.584 0.723 0.792 0.763 0.893 1.0 0.864 0.678 0.747 0.678 0.515 0.429 0.388 0.301 0.15 0.089 0.087 0.02 -0.105 -0.112 -0.09 -0.161 -0.226 -0.255 -0.251 -0.34 -0.361 -0.337 -0.348 -0.361 -0.314 -0.186 0.107 0.177 0.337 0.361 0.336 0.391 0.387 0.397 0.44 0.401 0.409 0.457 0.386 0.221 0.049 -0.038 -0.192 -0.271 -0.262 -0.287 -0.322 -0.323 -0.328 -0.351 -0.302 -0.231 -0.237 -0.223 -0.103 -0.08 -0.044 0.109 0.199 0.167 0.332 0.562 0.45 0.452 0.728 0.763 0.55 0.582 0.766 0.625 0.496 0.422 0.423 0.365 0.305 0.206 0.183 0.105 0.042 0.05 -0.012 0.03 0.018 0.086 0.031 -0.072 -0.044 -0.002 -0.125 -0.194 -0.167 -0.153 -0.261 -0.315 -0.279 -0.29 -0.334 -0.351 -0.36 -0.361 -0.406 -0.403 -0.371 -0.376 -0.349 -0.336 -0.317 -0.31 -0.328 -0.271 -0.281 -0.323 -0.291 -0.293 -0.329 -0.309 -0.306 -0.342 -0.35 -0.299 -0.309 -0.331 -0.263 -0.245 -0.329 -0.295 -0.183 -0.228 -0.265 -0.169 -0.132 -0.182 -0.174 -0.106 -0.124 -0.195 -0.251 -0.286 -0.275 -0.295 -0.322 -0.347 -0.351 -0.348 -0.352 -0.357 -0.375 -0.36 -0.366 -0.385 -0.374 -0.339 -0.334 -0.324 -0.332 -0.322 -0.322 -0.343 -0.338 -0.306 -0.321 -0.333 -0.283 -0.27 -0.285 -0.272 -0.216 -0.204 -0.202 -0.18 -0.23 -0.242 -0.275 -0.276 -0.281 -0.322 -0.344 -0.315 -0.294 -0.316 -0.312 -0.275 -0.251 -0.252 -0.253 -0.221 -0.189 -0.205 -0.223 -0.172 -0.155 -0.209 -0.203 -0.142 -0.181 -0.233 -0.193 -0.161 -0.207 -0.229 -0.159 -0.125 -0.07 -0.037 -0.069 -0.064 0.004 0.01 0.096 0.076 0.018 0.099 0.173 0.094 0.072 0.19 0.171 0.04 0.052 0.138 0.053 -0.083 -0.074 -0.052 -0.141 -0.228 -0.216 -0.217 -0.285 -0.321 -0.298 -0.29 -0.329 -0.304 -0.266
0.134 0.207 0.289 0.305 0.311 0.404 0.471 0.496 0.527 0.679 0.745 0.769 0.864 1.0 0.832 0.644 0.674 0.634 0.471 0.381 0.353 0.218 0.122 0.118 0.072 -0.052 -0.08 -0.057 -0.111 -0.191 -0.213 -0.222 -0.308 -0.329 -0.314 -0.32 -0.327 -0.287 -0.149 0.083 0.2 0.342 0.358 0.345 0.387 0.374 0.371 0.398 0.343 0.349 0.407 0.322 0.185 0.018 -0.068 -0.179 -0.249 -0.229 -0.25 -0.289 -0.291 -0.294 -0.314 -0.262 -0.212 -0.225 -0.191 -0.087 -0.093 -0.043 0.116 0.142 0.074 0.244 0.456 0.287 0.253 0.507 0.52 0.297 0.325 0.494 0.385 0.301 0.213 0.241 0.204 0.134 0.064 0.063 0.019 -0.016 -0.021 -0.06 -0.03 -0.064 0.001 -0.024 -0.118 -0.102 -0.054 -0.137 -0.207 -0.185 -0.16 -0.243 -0.297 -0.267 -0.264 -0.304 -0.322 -0.326 -0.322 -0.368 -0.368 -0.333 -0.341 -0.324 -0.313 -0.299 -0.291 -0.288 -0.244 -0.26 -0.291 -0.262 -0.271 -0.301 -0.286 -0.292 -0.315 -0.318 -0.286 -0.292 -0.301 -0.25 -0.244 -0.312 -0.279 -0.197 -0.237 -0.256 -0.18 -0.156 -0.192 -0.176 -0.11 -0.117 -0.168 -0.206 -0.238 -0.244 -0.261 -0.272 -0.3 -0.314 -0.299 -0.297 -0.314 -0.331 -0.304 -0.311 -0.337 -0.323 -0.287 -0.287 -0.282 -0.286 -0.28 -0.283 -0.302 -0.296 -0.272 -0.287 -0.297 -0.256 -0.248 -0.26 -0.247 -0.199 -0.191 -0.188 -0.166 -0.209 -0.217 -0.241 -0.231 -0.229 -0.259 -0.282 -0.254 -0.227 -0.243 -0.241 -0.201 -0.174 -0.172 -0.172 -0.136 -0.109 -0.13 -0.136 -0.093 -0.091 -0.132 -0.122 -0.082 -0.127 -0.159 -0.125 -0.112 -0.157 -0.162 -0.112 -0.079 -0.039 -0.013 -0.035 -0.041 0.008 0.006 0.077 0.084 0.042 0.093 0.172 0.133 0.102 0.194 0.212 0.117 0.121 0.212 0.153 0.02 0.003 0.032 -0.043 -0.139 -0.138 -0.139 -0.202 -0.248 -0.227 -0.219 -0.26 -0.248 -0.216
0.075 0.122 0.191 0.211 0.215 0.281 0.342 0.401 0.402 0.492 0.623 0.716 0.678 0.832 1.0 0.759 0.57 0.631 0.582 0.404 0.351 0.259 0.176 0.159 0.107 -0.014 -0.043 -0.039 -0.084 -0.135 -0.173 -0.181 -0.254 -0.271 -0.264 -0.276 -0.278 -0.251 -0.147 0.031 0.125 0.247 0.259 0.255 0.292 0.282 0.282 0.299 0.255 0.256 0.298 0.226 0.116 -0.016 -0.085 -0.169 -0.222 -0.2 -0.214 -0.244 -0.234 -0.238 -0.254 -0.193 -0.144 -0.146 -0.106 -0.002 -0.008 0.06 0.224 0.228 0.166 0.351 0.574 0.371 0.301 0.527 0.492 0.265 0.259 0.386 0.288 0.208 0.152 0.175 0.129 0.075 0.03 0.023 -0.011 -0.038 -0.042 -0.059 -0.027 -0.04 0.02 0.003 -0.073 -0.05 0.002 -0.066 -0.127 -0.101 -0.072 -0.149 -0.205 -0.184 -0.185 -0.224 -0.243 -0.249 -0.249 -0.291 -0.299 -0.272 -0.279 -0.27 -0.26 -0.252 -0.248 -0.241 -0.199 -0.208 -0.23 -0.2 -0.205 -0.227 -0.209 -0.208 -0.227 -0.231 -0.203 -0.212 -0.226 -0.185 -0.18 -0.238 -0.222 -0.157 -0.186 -0.21 -0.16 -0.137 -0.162 -0.156 -0.108 -0.112 -0.15 -0.177 -0.195 -0.199 -0.215 -0.22 -0.232 -0.243 -0.238 -0.228 -0.233 -0.254 -0.237 -0.234 -0.25 -0.246 -0.221 -0.218 -0.218 -0.226 -0.222 -0.226 -0.246 -0.243 -0.224 -0.24 -0.251 -0.219 -0.214 -0.229 -0.219 -0.177 -0.169 -0.168 -0.152 -0.187 -0.193 -0.209 -0.199 -0.194 -0.215 -0.234 -0.211 -0.183 -0.191 -0.19 -0.156 -0.128 -0.121 -0.123 -0.095 -0.07 -0.085 -0.092 -0.065 -0.062 -0.095 -0.098 -0.075 -0.107 -0.135 -0.121 -0.119 -0.147 -0.152 -0.12 -0.092 -0.063 -0.041 -0.063 -0.069 -0.03 -0.019 0.038 0.043 0.022 0.074 0.139 0.128 0.123 0.212 0.233 0.168 0.187 0.264 0.201 0.094 0.075 0.09 0.014 -0.071 -0.071 -0.084 -0.143 -0.185 -0.173 -0.174 -0.213 -0.208 -0.181
0.045 0.102 0.139 0.146 0.191 0.255 0.267 0.336 0.414 0.445 0.486 0.69 0.747 0.644 0.759 1.0 0.773 0.616 0.673 0.62 0.44 0.288 0.268 0.235 0.145 0.019 0.008 0.001 -0.079 -0.117 -0.178 -0.181 -0.253 -0.27 -0.263 -0.286 -0.297 -0.277 -0.192 0.024 0.059 0.207 0.217 0.213 0.271 0.279 0.296 0.32 0.293 0.284 0.311 0.248 0.101 -0.031 -0.094 -0.203 -0.255 -0.232 -0.242 -0.256 -0.235 -0.229 -0.228 -0.155 -0.081 -0.076 -0.049 0.099 0.118 0.165 0.34 0.412 0.361 0.566 0.804 0.592 0.5 0.729 0.705 0.442 0.399 0.495 0.414 0.305 0.278 0.257 0.195 0.164 0.117 0.074 0.023 -0.022 -0.012 -0.019 0.025 0.044 0.111 0.073 0.0 0.048 0.1 -0.001 -0.056 -0.02 0.002 -0.098 -0.155 -0.127 -0.15 -0.199 -0.221 -0.238 -0.249 -0.291 -0.304 -0.286 -0.294 -0.281 -0.266 -0.255 -0.248 -0.257 -0.201 -0.201 -0.226 -0.192 -0.186 -0.207 -0.179 -0.164 -0.196 -0.201 -0.148 -0.165 -0.194 -0.141 -0.124 -0.193 -0.186 -0.104 -0.133 -0.181 -0.127 -0.092 -0.125 -0.134 -0.099 -0.115 -0.163 -0.205 -0.216 -0.199 -0.215 -0.235 -0.234 -0.229 -0.244 -0.241 -0.224 -0.241 -0.246 -0.242 -0.242 -0.244 -0.234 -0.227 -0.221 -0.237 -0.236 -0.238 -0.26 -0.262 -0.243 -0.262 -0.275 -0.236 -0.233 -0.253 -0.24 -0.191 -0.184 -0.188 -0.17 -0.211 -0.222 -0.241 -0.236 -0.235 -0.26 -0.278 -0.257 -0.228 -0.234 -0.237 -0.208 -0.175 -0.166 -0.176 -0.154 -0.118 -0.131 -0.155 -0.127 -0.109 -0.15 -0.168 -0.136 -0.153 -0.195 -0.192 -0.178 -0.192 -0.213 -0.176 -0.151 -0.114 -0.09 -0.127 -0.12 -0.074 -0.058 -0.001 -0.022 -0.046 0.026 0.078 0.047 0.067 0.169 0.17 0.096 0.137 0.213 0.128 0.022 0.045 0.062 -0.035 -0.111 -0.088 -0.115 -0.191 -0.22 -0.203 -0.217 -0.26 -0.244 -0.211
0.032 0.084 0.129 0.128 0.155 0.225 0.247 0.28 0.343 0.416 0.436 0.53 0.678 0.674 0.57 0.773 1.0 0.842 0.647 0.68 0.608 0.386 0.3 0.302 0.223 0.076 0.043 0.051 -0.026 -0.107 -0.154 -0.171 -0.252 -0.279 -0.272 -0.293 -0.304 -0.284 -0.177 0.033 0.101 0.254 0.259 0.259 0.317 0.321 0.331 0.35 0.309 0.298 0.339 0.259 0.107 -0.04 -0.11 -0.207 -0.262 -0.234 -0.244 -0.261 -0.244 -0.24 -0.237 -0.157 -0.096 -0.103 -0.06 0.085 0.055 0.085 0.281 0.326 0.248 0.413 0.614 0.436 0.351 0.528 0.518 0.323 0.289 0.393 0.321 0.23 0.182 0.168 0.128 0.096 0.059 0.026 -0.007 -0.039 -0.033 -0.039 -0.005 -0.007 0.052 0.024 -0.045 -0.008 0.035 -0.053 -0.106 -0.078 -0.052 -0.137 -0.191 -0.163 -0.173 -0.218 -0.24 -0.25 -0.256 -0.303 -0.312 -0.286 -0.297 -0.289 -0.277 -0.265 -0.255 -0.257 -0.213 -0.218 -0.24 -0.208 -0.207 -0.227 -0.202 -0.194 -0.221 -0.223 -0.179 -0.19 -0.207 -0.159 -0.147 -0.207 -0.191 -0.118 -0.146 -0.18 -0.126 -0.098 -0.125 -0.126 -0.087 -0.098 -0.141 -0.175 -0.193 -0.183 -0.199 -0.216 -0.226 -0.228 -0.232 -0.233 -0.229 -0.244 -0.242 -0.245 -0.254 -0.249 -0.235 -0.234 -0.228 -0.236 -0.238 -0.244 -0.26 -0.259 -0.246 -0.265 -0.27 -0.234 -0.235 -0.249 -0.232 -0.186 -0.183 -0.185 -0.165 -0.203 -0.215 -0.229 -0.217 -0.21 -0.231 -0.254 -0.233 -0.199 -0.207 -0.215 -0.184 -0.148 -0.145 -0.157 -0.13 -0.096 -0.117 -0.136 -0.104 -0.094 -0.132 -0.139 -0.11 -0.132 -0.162 -0.151 -0.141 -0.16 -0.171 -0.134 -0.112 -0.081 -0.063 -0.094 -0.089 -0.054 -0.051 -0.006 -0.014 -0.037 0.013 0.065 0.041 0.045 0.128 0.143 0.072 0.099 0.183 0.121 0.019 0.043 0.09 0.002 -0.091 -0.064 -0.079 -0.155 -0.193 -0.168 -0.179 -0.228 -0.218 -0.185
0.002 0.033 0.083 0.087 0.089 0.152 0.194 0.214 0.235 0.323 0.386 0.422 0.515 0.634 0.631 0.616 0.842 1.0 0.786 0.596 0.651 0.541 0.359 0.306 0.292 0.142 0.068 0.08 0.022 -0.073 -0.118 -0.14 -0.211 -0.241 -0.244 -0.265 -0.271 -0.259 -0.151 0.001 0.103 0.239 0.238 0.249 0.294 0.291 0.291 0.295 0.243 0.23 0.276 0.187 0.064 -0.071 -0.14 -0.196 -0.242 -0.207 -0.214 -0.235 -0.212 -0.201 -0.199 -0.115 -0.072 -0.082 -0.014 0.112 0.041 0.131 0.342 0.268 0.162 0.313 0.477 0.299 0.203 0.342 0.33 0.164 0.144 0.245 0.165 0.105 0.053 0.056 0.024 -0.009 -0.028 -0.047 -0.059 -0.075 -0.081 -0.076 -0.051 -0.068 -0.014 -0.021 -0.08 -0.054 -0.008 -0.06 -0.11 -0.082 -0.041 -0.107 -0.162 -0.132 -0.132 -0.173 -0.201 -0.207 -0.211 -0.26 -0.271 -0.244 -0.258 -0.254 -0.247 -0.239 -0.23 -0.221 -0.188 -0.194 -0.208 -0.179 -0.181 -0.197 -0.171 -0.167 -0.19 -0.192 -0.163 -0.171 -0.181 -0.15 -0.147 -0.192 -0.18 -0.129 -0.15 -0.174 -0.139 -0.116 -0.132 -0.129 -0.094 -0.097 -0.124 -0.144 -0.156 -0.158 -0.173 -0.177 -0.186 -0.197 -0.195 -0.188 -0.185 -0.202 -0.195 -0.194 -0.206 -0.204 -0.19 -0.188 -0.186 -0.194 -0.196 -0.203 -0.219 -0.218 -0.209 -0.229 -0.233 -0.204 -0.208 -0.221 -0.205 -0.167 -0.168 -0.17 -0.152 -0.18 -0.188 -0.193 -0.171 -0.155 -0.166 -0.189 -0.169 -0.132 -0.135 -0.143 -0.11 -0.077 -0.074 -0.084 -0.058 -0.035 -0.058 -0.068 -0.049 -0.051 -0.077 -0.085 -0.075 -0.097 -0.114 -0.111 -0.117 -0.13 -0.13 -0.11 -0.09 -0.071 -0.058 -0.083 -0.083 -0.062 -0.06 -0.028 -0.022 -0.03 0.003 0.055 0.063 0.065 0.128 0.171 0.135 0.147 0.229 0.195 0.114 0.123 0.177 0.113 0.015 0.026 0.009 -0.06 -0.108 -0.092 -0.103 -0.155 -0.161 -0.133
-0.067 -0.044 -0.016 -0.011 0.005 0.054 0.086 0.121 0.158 0.217 0.27 0.359 0.429 0.471 0.582 0.673 0.647 0.786 1.0 0.811 0.676 0.656 0.618 0.418 0.322 0.228 0.162 0.137 0.063 -0.027 -0.074 -0.094 -0.155 -0.181 -0.193 -0.221 -0.237 -0.241 -0.175 -0.054 -0.006 0.129 0.121 0.144 0.197 0.209 0.221 0.219 0.187 0.16 0.183 0.109 -0.014 -0.118 -0.168 -0.211 -0.238 -0.197 -0.191 -0.191 -0.151 -0.107 -0.088 -0.002 0.059 0.062 0.14 0.299 0.266 0.351 0.56 0.497 0.378 0.514 0.685 0.461 0.32 0.408 0.387 0.229 0.167 0.212 0.148 0.083 0.061 0.041 -0.009 -0.018 -0.024 -0.061 -0.075 -0.091 -0.091 -0.064 -0.031 -0.013 0.039 0.03 -0.009 0.038 0.087 0.036 0.0 0.041 0.084 0.006 -0.05 -0.018 -0.037 -0.09 -0.116 -0.131 -0.147 -0.194 -0.215 -0.197 -0.212 -0.219 -0.204 -0.203 -0.193 -0.186 -0.14 -0.135 -0.144 -0.114 -0.109 -0.117 -0.088 -0.078 -0.102 -0.097 -0.058 -0.073 -0.097 -0.073 -0.058 -0.1 -0.114 -0.072 -0.086 -0.128 -0.113 -0.08 -0.09 -0.105 -0.094 -0.101 -0.121 -0.144 -0.138 -0.126 -0.141 -0.146 -0.13 -0.13 -0.148 -0.138 -0.117 -0.127 -0.139 -0.13 -0.123 -0.131 -0.133 -0.128 -0.129 -0.145 -0.149 -0.157 -0.177 -0.181 -0.177 -0.198 -0.206 -0.183 -0.191 -0.21 -0.195 -0.157 -0.159 -0.169 -0.152 -0.18 -0.19 -0.191 -0.168 -0.152 -0.155 -0.175 -0.161 -0.123 -0.117 -0.127 -0.106 -0.069 -0.059 -0.075 -0.06 -0.032 -0.049 -0.07 -0.065 -0.058 -0.081 -0.109 -0.109 -0.112 -0.132 -0.155 -0.164 -0.152 -0.161 -0.156 -0.142 -0.126 -0.116 -0.15 -0.144 -0.128 -0.115 -0.092 -0.098 -0.088 -0.042 -0.007 0.006 0.035 0.102 0.129 0.126 0.171 0.246 0.202 0.147 0.182 0.221 0.141 0.067 0.091 0.047 -0.033 -0.067 -0.056 -0.084 -0.136 -0.139 -0.117
-0.064 -0.039 -0.022 -0.026 0.0 0.048 0.058 0.089 0.152 0.188 0.205 0.294 0.388 0.381 0.404 0.62 0.68 0.596 0.811 1.0 0.807 0.571 0.666 0.63 0.416 0.256 0.251 0.21 0.104 0.013 -0.048 -0.075 -0.144 -0.17 -0.19 -0.222 -0.24 -0.245 -0.189 -0.039 -0.028 0.12 0.109 0.128 0.196 0.218 0.24 0.244 0.224 0.193 0.209 0.142 -0.004 -0.11 -0.153 -0.219 -0.245 -0.206 -0.197 -0.185 -0.138 -0.096 -0.081 0.012 0.092 0.087 0.143 0.33 0.297 0.286 0.489 0.555 0.419 0.493 0.68 0.482 0.344 0.4 0.41 0.278 0.193 0.227 0.201 0.11 0.102 0.072 0.023 0.022 0.014 -0.032 -0.049 -0.067 -0.059 -0.032 0.0 0.028 0.072 0.051 0.02 0.071 0.106 0.043 0.016 0.051 0.079 -0.002 -0.052 -0.029 -0.055 -0.106 -0.124 -0.137 -0.155 -0.199 -0.218 -0.202 -0.215 -0.224 -0.208 -0.205 -0.196 -0.194 -0.143 -0.136 -0.146 -0.114 -0.106 -0.114 -0.089 -0.075 -0.095 -0.091 -0.046 -0.059 -0.086 -0.052 -0.03 -0.075 -0.088 -0.039 -0.051 -0.094 -0.076 -0.043 -0.055 -0.073 -0.067 -0.078 -0.102 -0.131 -0.127 -0.106 -0.119 -0.135 -0.12 -0.112 -0.136 -0.136 -0.116 -0.125 -0.146 -0.142 -0.129 -0.138 -0.144 -0.142 -0.14 -0.156 -0.167 -0.173 -0.189 -0.195 -0.192 -0.212 -0.217 -0.192 -0.202 -0.22 -0.202 -0.162 -0.164 -0.173 -0.154 -0.185 -0.2 -0.204 -0.185 -0.176 -0.179 -0.201 -0.194 -0.156 -0.15 -0.169 -0.156 -0.113 -0.103 -0.126 -0.112 -0.075 -0.089 -0.115 -0.103 -0.088 -0.112 -0.137 -0.128 -0.124 -0.145 -0.162 -0.16 -0.147 -0.161 -0.149 -0.138 -0.119 -0.111 -0.147 -0.133 -0.118 -0.109 -0.09 -0.105 -0.104 -0.058 -0.035 -0.042 -0.013 0.053 0.058 0.036 0.095 0.163 0.102 0.045 0.103 0.144 0.047 -0.013 0.042 0.004 -0.086 -0.106 -0.074 -0.108 -0.165 -0.153 -0.12
-0.06 -0.044 -0.023 -0.026 -0.017 0.026 0.05 0.064 0.098 0.152 0.179 0.223 0.301 0.353 0.351 0.44 0.608 0.651 0.676 0.807 1.0 0.79 0.552 0.627 0.596 0.342 0.257 0.27 0.168 0.041 -0.025 -0.067 -0.14 -0.174 -0.202 -0.23 -0.24 -0.244 -0.163 -0.034 0.028 0.172 0.159 0.181 0.24 0.252 0.261 0.257 0.218 0.189 0.222 0.137 0.003 -0.115 -0.168 -0.213 -0.243 -0.199 -0.192 -0.193 -0.156 -0.123 -0.103 0.004 0.043 0.013 0.096 0.253 0.156 0.15 0.366 0.366 0.213 0.277 0.425 0.277 0.171 0.242 0.25 0.134 0.081 0.133 0.106 0.028 0.016 0.001 -0.031 -0.04 -0.04 -0.072 -0.072 -0.079 -0.082 -0.057 -0.039 -0.037 -0.0 -0.011 -0.044 -0.011 0.019 -0.022 -0.05 -0.024 0.002 -0.058 -0.101 -0.082 -0.084 -0.126 -0.15 -0.149 -0.156 -0.205 -0.22 -0.195 -0.21 -0.219 -0.212 -0.212 -0.207 -0.193 -0.157 -0.158 -0.163 -0.134 -0.134 -0.143 -0.12 -0.113 -0.126 -0.122 -0.095 -0.1 -0.112 -0.086 -0.074 -0.109 -0.111 -0.071 -0.078 -0.103 -0.088 -0.064 -0.068 -0.073 -0.061 -0.064 -0.08 -0.098 -0.1 -0.093 -0.106 -0.116 -0.114 -0.117 -0.13 -0.127 -0.121 -0.136 -0.143 -0.144 -0.146 -0.148 -0.146 -0.149 -0.146 -0.154 -0.166 -0.175 -0.185 -0.186 -0.187 -0.206 -0.204 -0.182 -0.195 -0.208 -0.186 -0.151 -0.158 -0.162 -0.142 -0.165 -0.179 -0.177 -0.146 -0.127 -0.126 -0.153 -0.144 -0.104 -0.102 -0.124 -0.105 -0.067 -0.067 -0.086 -0.069 -0.042 -0.063 -0.077 -0.066 -0.063 -0.079 -0.092 -0.09 -0.093 -0.101 -0.11 -0.115 -0.106 -0.109 -0.101 -0.092 -0.081 -0.079 -0.105 -0.094 -0.09 -0.088 -0.078 -0.082 -0.079 -0.054 -0.029 -0.021 -0.007 0.039 0.063 0.049 0.078 0.15 0.126 0.073 0.109 0.172 0.103 0.037 0.083 0.067 -0.013 -0.053 -0.02 -0.044 -0.106 -0.11 -0.078
-0.099 -0.095 -0.086 -0.087 -0.087 -0.061 -0.031 -0.018 -0.007 0.041 0.082 0.103 0.15 0.218 0.259 0.288 0.386 0.541 0.656 0.571 0.79 1.0 0.716 0.5 0.621 0.501 0.304 0.29 0.258 0.136 0.046 -0.001 -0.056 -0.096 -0.133 -0.166 -0.173 -0.19 -0.133 -0.078 -0.017 0.1 0.079 0.113 0.161 0.172 0.178 0.159 0.122 0.088 0.113 0.034 -0.065 -0.152 -0.187 -0.189 -0.199 -0.15 -0.136 -0.126 -0.085 -0.04 0.005 0.119 0.131 0.102 0.208 0.356 0.22 0.194 0.397 0.327 0.169 0.206 0.298 0.161 0.079 0.121 0.109 0.027 -0.015 0.015 -0.008 -0.064 -0.067 -0.078 -0.103 -0.101 -0.091 -0.116 -0.1 -0.099 -0.111 -0.075 -0.065 -0.06 -0.035 -0.034 -0.047 -0.022 0.004 -0.003 -0.018 0.009 0.041 0.0 -0.034 -0.018 -0.016 -0.051 -0.074 -0.069 -0.076 -0.119 -0.137 -0.117 -0.132 -0.151 -0.146 -0.153 -0.15 -0.127 -0.103 -0.101 -0.098 -0.074 -0.073 -0.075 -0.058 -0.053 -0.056 -0.053 -0.038 -0.043 -0.055 -0.046 -0.038 -0.059 -0.075 -0.056 -0.05 -0.072 -0.08 -0.058 -0.049 -0.059 -0.06 -0.057 -0.059 -0.066 -0.056 -0.051 -0.065 -0.065 -0.052 -0.058 -0.073 -0.063 -0.054 -0.073 -0.078 -0.07 -0.07 -0.078 -0.079 -0.077 -0.079 -0.087 -0.096 -0.106 -0.115 -0.116 -0.122 -0.14 -0.139 -0.128 -0.144 -0.157 -0.138 -0.113 -0.122 -0.128 -0.114 -0.127 -0.136 -0.123 -0.084 -0.059 -0.046 -0.072 -0.067 -0.03 -0.024 -0.045 -0.033 -0.004 -0.005 -0.022 -0.013 0.0 -0.017 -0.027 -0.032 -0.035 -0.039 -0.059 -0.075 -0.068 -0.067 -0.091 -0.107 -0.084 -0.083 -0.092 -0.089 -0.089 -0.093 -0.117 -0.106 -0.113 -0.108 -0.113 -0.114 -0.097 -0.082 -0.068 -0.04 -0.017 0.01 0.042 0.061 0.087 0.144 0.151 0.138 0.166 0.222 0.181 0.138 0.181 0.16 0.096 0.06 0.08 0.05 -0.006 -0.023 -0.003
-0.139 -0.14 -0.148 -0.151 -0.141 -0.122 -0.104 -0.083 -0.056 -0.035 -0.007 0.046 0.089 0.122 0.176 0.268 0.3 0.359 0.618 0.666 0.552 0.716 1.0 0.745 0.578 0.566 0.53 0.376 0.269 0.25 0.119 0.066 0.023 -0.006 -0.058 -0.102 -0.118 -0.153 -0.145 -0.108 -0.123 -0.009 -0.036 0.001 0.062 0.092 0.113 0.094 0.083 0.037 0.037 -0.018 -0.125 -0.177 -0.188 -0.186 -0.176 -0.124 -0.098 -0.055 0.002 0.071 0.128 0.256 0.306 0.287 0.377 0.559 0.417 0.342 0.549 0.518 0.34 0.324 0.391 0.272 0.174 0.144 0.133 0.075 0.01 0.011 -0.001 -0.069 -0.05 -0.083 -0.115 -0.096 -0.079 -0.114 -0.102 -0.101 -0.104 -0.051 -0.036 -0.003 0.019 0.015 0.025 0.066 0.087 0.081 0.088 0.127 0.155 0.106 0.081 0.097 0.079 0.037 0.016 0.01 -0.016 -0.049 -0.071 -0.073 -0.089 -0.104 -0.093 -0.096 -0.094 -0.08 -0.048 -0.039 -0.033 -0.008 0.003 0.005 0.03 0.048 0.039 0.041 0.066 0.055 0.026 0.032 0.047 0.028 -0.004 0.008 0.022 -0.014 -0.039 -0.013 0.001 -0.025 -0.046 -0.049 -0.045 -0.051 -0.028 -0.011 -0.022 -0.027 0.002 0.008 -0.023 -0.014 0.014 -0.002 -0.03 -0.016 0.002 -0.015 -0.035 -0.027 -0.028 -0.047 -0.059 -0.065 -0.076 -0.087 -0.097 -0.115 -0.121 -0.115 -0.131 -0.15 -0.136 -0.109 -0.116 -0.128 -0.118 -0.131 -0.14 -0.126 -0.096 -0.081 -0.063 -0.083 -0.093 -0.058 -0.039 -0.065 -0.067 -0.032 -0.022 -0.046 -0.049 -0.026 -0.03 -0.051 -0.064 -0.053 -0.053 -0.085 -0.105 -0.08 -0.082 -0.121 -0.136 -0.096 -0.102 -0.118 -0.12 -0.122 -0.128 -0.159 -0.141 -0.152 -0.14 -0.157 -0.169 -0.144 -0.124 -0.125 -0.099 -0.053 -0.025 -0.017 0.008 0.061 0.1 0.075 0.088 0.151 0.18 0.115 0.112 0.187 0.142 0.063 0.063 0.092 0.033 -0.023 -0.019 0.009
-0.114 -0.115 -0.119 -0.12 -0.111 -0.093 -0.078 -0.071 -0.047 -0.023 -0.012 0.029 0.087 0.118 0.159 0.235 0.302 0.306 0.418 0.63 0.627 0.5 0.745 1.0 0.803 0.574 0.658 0.622 0.376 0.261 0.146 0.059 0.002 -0.04 -0.091 -0.129 -0.149 -0.176 -0.151 -0.08 -0.086 0.039 0.014 0.047 0.112 0.141 0.162 0.149 0.134 0.09 0.098 0.036 -0.086 -0.157 -0.177 -0.193 -0.193 -0.146 -0.123 -0.091 -0.041 0.025 0.07 0.208 0.257 0.201 0.265 0.429 0.318 0.238 0.402 0.403 0.261 0.242 0.312 0.219 0.127 0.107 0.122 0.067 0.007 0.009 -0.006 -0.052 -0.042 -0.07 -0.097 -0.085 -0.069 -0.094 -0.087 -0.081 -0.079 -0.037 -0.027 -0.006 0.009 0.003 0.009 0.041 0.053 0.042 0.046 0.076 0.091 0.041 0.02 0.035 0.021 -0.017 -0.037 -0.039 -0.062 -0.1 -0.114 -0.109 -0.13 -0.139 -0.129 -0.127 -0.12 -0.109 -0.078 -0.074 -0.072 -0.046 -0.039 -0.04 -0.014 0.002 -0.007 -0.003 0.023 0.019 -0.004 0.004 0.022 0.007 -0.014 0.003 0.015 -0.011 -0.027 -0.005 0.007 -0.01 -0.026 -0.028 -0.026 -0.034 -0.018 -0.004 -0.015 -0.024 -0.007 -0.004 -0.03 -0.03 -0.011 -0.026 -0.05 -0.045 -0.035 -0.049 -0.067 -0.065 -0.063 -0.079 -0.095 -0.102 -0.111 -0.12 -0.13 -0.146 -0.146 -0.137 -0.153 -0.168 -0.15 -0.122 -0.13 -0.14 -0.125 -0.138 -0.151 -0.141 -0.107 -0.095 -0.08 -0.105 -0.119 -0.083 -0.068 -0.1 -0.103 -0.064 -0.057 -0.082 -0.079 -0.053 -0.058 -0.074 -0.077 -0.066 -0.065 -0.084 -0.095 -0.075 -0.071 -0.097 -0.107 -0.072 -0.075 -0.084 -0.087 -0.087 -0.095 -0.119 -0.102 -0.114 -0.11 -0.126 -0.136 -0.118 -0.107 -0.108 -0.09 -0.062 -0.041 -0.036 -0.025 0.015 0.054 0.025 0.02 0.082 0.121 0.048 0.04 0.123 0.098 0.013 0.014 0.069 0.016 -0.054 -0.037 0.012
